! spikes tiles














                                               4
                                                                                                    4
                                             4    4                                             4   
                                                                                            4          4
           4444                            4         4                                  4          
                4444        4444       4444                        5                4                     4
      4444                 4    4     4                      4445544444         4  
                          4      44   4                 4              4    4                                4       4
444444444444444444445555444444444444554444444444444444444554444444444444444455555555555555555555555555555555544444444